Prison Population over time

      Period     Inmates    Released     Escaped
      ------     -------    --------    --------
           5         595         249         156
          10         527         267         206
          15         511         262         228
          20         505         256         238
          25         503         253         244
          30         501         252         247
          35         501         251         248
          40         500         250         249
          45         500         250         250
          50         500         250         250
          55         500         250         250
          60         500         250         250
          65         500         250         250
          70         500         250         250
          75         500         250         250
          80         500         250         250
          85         500         250         250
          90         500         250         250
          95         500         250         250
         100         500         250         250
Stable Population: 500
# of Escaped: 250
# of Relapsed: 250
# of iterations to stability: 54
